5	0.1	66
5	0.2	77
5	0.3	75
5	0.4	100
5	0.5	163
5	0.6	164
5	0.7	200
5	0.8	501
5	0.9	1491
6	0.1	76
6	0.2	84
6	0.3	91
6	0.4	111
6	0.5	131
6	0.6	171
6	0.7	285
6	0.8	591
6	0.9	1657
7	0.1	94
7	0.2	94
7	0.3	112
7	0.4	144
7	0.5	164
7	0.6	209
7	0.7	332
7	0.8	703
7	0.9	2385
8	0.1	102
8	0.2	106
8	0.3	130
8	0.4	135
8	0.5	173
8	0.6	235
8	0.7	379
8	0.8	847
8	0.9	3298
9	0.1	110
9	0.2	119
9	0.3	156
9	0.4	157
9	0.5	215
9	0.6	284
9	0.7	437
9	0.8	881
9	0.9	3774
10	0.1	116
10	0.2	130
10	0.3	149
10	0.4	182
10	0.5	225
10	0.6	341
10	0.7	529
10	0.8	1064
10	0.9	4112
11	0.1	127
11	0.2	156
11	0.3	180
11	0.4	178
11	0.5	268
11	0.6	363
11	0.7	474
11	0.8	1079
11	0.9	4224
12	0.1	147
12	0.2	170
12	0.3	185
12	0.4	225
12	0.5	277
12	0.6	374
12	0.7	566
12	0.8	1167
12	0.9	4322
13	0.1	151
13	0.2	171
13	0.3	193
13	0.4	237
13	0.5	260
13	0.6	426
13	0.7	686
13	0.8	1256
13	0.9	4770
14	0.1	161
14	0.2	181
14	0.3	211
14	0.4	277
14	0.5	327
14	0.6	439
14	0.7	759
14	0.8	1443
14	0.9	4868
15	0.1	185
15	0.2	194
15	0.3	225
15	0.4	270
15	0.5	343
15	0.6	501
15	0.7	778
15	0.8	1577
15	0.9	5539
16	0.1	182
16	0.2	214
16	0.3	259
16	0.4	325
16	0.5	383
16	0.6	470
16	0.7	790
16	0.8	1551
16	0.9	5794
17	0.1	204
17	0.2	226
17	0.3	255
17	0.4	316
17	0.5	382
17	0.6	503
17	0.7	814
17	0.8	1939
17	0.9	6048
18	0.1	204
18	0.2	250
18	0.3	291
18	0.4	321
18	0.5	408
18	0.6	560
18	0.7	868
18	0.8	1566
18	0.9	6815
19	0.1	218
19	0.2	244
19	0.3	297
19	0.4	332
19	0.5	448
19	0.6	587
19	0.7	941
19	0.8	1936
19	0.9	7097
20	0.1	231
20	0.2	259
20	0.3	324
20	0.4	362
20	0.5	495
20	0.6	625
20	0.7	1003
20	0.8	1981
20	0.9	7395
21	0.1	244
21	0.2	277
21	0.3	320
21	0.4	357
21	0.5	460
21	0.6	644
21	0.7	985
21	0.8	1959
21	0.9	7604
22	0.1	261
22	0.2	283
22	0.3	341
22	0.4	415
22	0.5	563
22	0.6	669
22	0.7	1176
22	0.8	2326
22	0.9	8483
23	0.1	267
23	0.2	307
23	0.3	380
23	0.4	391
23	0.5	523
23	0.6	740
23	0.7	1054
23	0.8	2239
23	0.9	8424
24	0.1	276
24	0.2	304
24	0.3	374
24	0.4	402
24	0.5	580
24	0.6	734
24	0.7	1240
24	0.8	2302
24	0.9	8612
25	0.1	282
25	0.2	325
25	0.3	356
25	0.4	448
25	0.5	560
25	0.6	800
25	0.7	1240
25	0.8	2357
25	0.9	8115
26	0.1	301
26	0.2	335
26	0.3	417
26	0.4	495
26	0.5	605
26	0.6	783
26	0.7	1353
26	0.8	2523
26	0.9	10214
27	0.1	307
27	0.2	331
27	0.3	385
27	0.4	495
27	0.5	643
27	0.6	805
27	0.7	1414
27	0.8	2757
27	0.9	9738
28	0.1	307
28	0.2	358
28	0.3	407
28	0.4	507
28	0.5	636
28	0.6	891
28	0.7	1410
28	0.8	2811
28	0.9	9607
29	0.1	339
29	0.2	382
29	0.3	422
29	0.4	503
29	0.5	670
29	0.6	940
29	0.7	1364
29	0.8	2968
29	0.9	11844
30	0.1	339
30	0.2	404
30	0.3	437
30	0.4	522
30	0.5	676
30	0.6	1006
30	0.7	1466
30	0.8	2964
30	0.9	10091
31	0.1	364
31	0.2	406
31	0.3	472
31	0.4	557
31	0.5	692
31	0.6	989
31	0.7	1597
31	0.8	3276
31	0.9	11376
32	0.1	366
32	0.2	416
32	0.3	492
32	0.4	581
32	0.5	726
32	0.6	1165
32	0.7	1638
32	0.8	3446
32	0.9	11302
33	0.1	376
33	0.2	426
33	0.3	493
33	0.4	614
33	0.5	739
33	0.6	968
33	0.7	1621
33	0.8	3566
33	0.9	12010
34	0.1	390
34	0.2	437
34	0.3	516
34	0.4	605
34	0.5	742
34	0.6	1062
34	0.7	1740
34	0.8	3266
34	0.9	11918
35	0.1	408
35	0.2	456
35	0.3	514
35	0.4	621
35	0.5	832
35	0.6	1196
35	0.7	1828
35	0.8	3608
35	0.9	12859
36	0.1	417
36	0.2	469
36	0.3	519
36	0.4	635
36	0.5	828
36	0.6	1196
36	0.7	1946
36	0.8	3593
36	0.9	11996
37	0.1	414
37	0.2	487
37	0.3	542
37	0.4	626
37	0.5	846
37	0.6	1173
37	0.7	1779
37	0.8	3965
37	0.9	13462
38	0.1	428
38	0.2	496
38	0.3	562
38	0.4	715
38	0.5	864
38	0.6	1189
38	0.7	1881
38	0.8	3898
38	0.9	14268
39	0.1	454
39	0.2	488
39	0.3	579
39	0.4	717
39	0.5	831
39	0.6	1200
39	0.7	2105
39	0.8	4070
39	0.9	14055
40	0.1	460
40	0.2	506
40	0.3	606
40	0.4	749
40	0.5	914
40	0.6	1360
40	0.7	2112
40	0.8	4121
40	0.9	13481
41	0.1	468
41	0.2	553
41	0.3	609
41	0.4	790
41	0.5	937
41	0.6	1307
41	0.7	1985
41	0.8	4136
41	0.9	14594
42	0.1	485
42	0.2	540
42	0.3	634
42	0.4	745
42	0.5	907
42	0.6	1400
42	0.7	2305
42	0.8	4177
42	0.9	15685
43	0.1	474
43	0.2	530
43	0.3	667
43	0.4	742
43	0.5	1045
43	0.6	1424
43	0.7	2126
43	0.8	4539
43	0.9	15832
44	0.1	507
44	0.2	552
44	0.3	684
44	0.4	806
44	0.5	1027
44	0.6	1418
44	0.7	2205
44	0.8	4514
44	0.9	16369
45	0.1	509
45	0.2	575
45	0.3	659
45	0.4	794
45	0.5	1015
45	0.6	1335
45	0.7	2196
45	0.8	4655
45	0.9	16298
46	0.1	534
46	0.2	587
46	0.3	685
46	0.4	796
46	0.5	1018
46	0.6	1406
46	0.7	2326
46	0.8	4557
46	0.9	17418
47	0.1	536
47	0.2	606
47	0.3	687
47	0.4	864
47	0.5	1116
47	0.6	1512
47	0.7	2194
47	0.8	4553
47	0.9	17141
48	0.1	537
48	0.2	610
48	0.3	705
48	0.4	827
48	0.5	1106
48	0.6	1604
48	0.7	2481
48	0.8	4724
48	0.9	16271
49	0.1	548
49	0.2	613
49	0.3	719
49	0.4	873
49	0.5	1122
49	0.6	1526
49	0.7	2554
49	0.8	5055
49	0.9	18064
50	0.1	572
50	0.2	657
50	0.3	771
50	0.4	882
50	0.5	1149
50	0.6	1642
50	0.7	2474
50	0.8	4817
50	0.9	20850
51	0.1	575
51	0.2	652
51	0.3	742
51	0.4	911
51	0.5	1180
51	0.6	1629
51	0.7	2678
51	0.8	5151
51	0.9	18607
52	0.1	599
52	0.2	680
52	0.3	766
52	0.4	917
52	0.5	1242
52	0.6	1747
52	0.7	2582
52	0.8	5192
52	0.9	18419
53	0.1	605
53	0.2	670
53	0.3	796
53	0.4	919
53	0.5	1246
53	0.6	1646
53	0.7	2700
53	0.8	5330
53	0.9	19597
54	0.1	615
54	0.2	695
54	0.3	813
54	0.4	930
54	0.5	1270
54	0.6	1816
54	0.7	2648
54	0.8	5469
54	0.9	19402
55	0.1	623
55	0.2	700
55	0.3	802
55	0.4	1033
55	0.5	1233
55	0.6	1785
55	0.7	2768
55	0.8	5411
55	0.9	20454
56	0.1	636
56	0.2	727
56	0.3	888
56	0.4	1048
56	0.5	1277
56	0.6	1862
56	0.7	2415
56	0.8	5531
56	0.9	18578
57	0.1	652
57	0.2	739
57	0.3	837
57	0.4	998
57	0.5	1341
57	0.6	1842
57	0.7	2840
57	0.8	5483
57	0.9	21530
58	0.1	647
58	0.2	743
58	0.3	872
58	0.4	1006
58	0.5	1363
58	0.6	1848
58	0.7	2816
58	0.8	5992
58	0.9	20701
59	0.1	653
59	0.2	759
59	0.3	877
59	0.4	1077
59	0.5	1365
59	0.6	1836
59	0.7	3142
59	0.8	5913
59	0.9	21104
60	0.1	691
60	0.2	762
60	0.3	899
60	0.4	1122
60	0.5	1329
60	0.6	1962
60	0.7	3149
60	0.8	5890
60	0.9	21685
61	0.1	691
61	0.2	793
61	0.3	940
61	0.4	1100
61	0.5	1359
61	0.6	2025
61	0.7	3153
61	0.8	6271
61	0.9	21349
62	0.1	701
62	0.2	792
62	0.3	927
62	0.4	1070
62	0.5	1477
62	0.6	1931
62	0.7	3051
62	0.8	6182
62	0.9	23576
63	0.1	712
63	0.2	789
63	0.3	934
63	0.4	1156
63	0.5	1484
63	0.6	1921
63	0.7	3208
63	0.8	6509
63	0.9	21124
64	0.1	713
64	0.2	835
64	0.3	935
64	0.4	1152
64	0.5	1541
64	0.6	1936
64	0.7	3235
64	0.8	6444
64	0.9	23303
65	0.1	737
65	0.2	852
65	0.3	958
65	0.4	1138
65	0.5	1479
65	0.6	2085
65	0.7	3201
65	0.8	6397
65	0.9	22584
66	0.1	735
66	0.2	845
66	0.3	981
66	0.4	1163
66	0.5	1518
66	0.6	2242
66	0.7	3204
66	0.8	7092
66	0.9	25200
67	0.1	764
67	0.2	847
67	0.3	1006
67	0.4	1189
67	0.5	1515
67	0.6	2064
67	0.7	3406
67	0.8	6766
67	0.9	25250
68	0.1	770
68	0.2	844
68	0.3	1011
68	0.4	1189
68	0.5	1547
68	0.6	2136
68	0.7	3304
68	0.8	7211
68	0.9	24027
69	0.1	760
69	0.2	860
69	0.3	1039
69	0.4	1249
69	0.5	1600
69	0.6	2284
69	0.7	3354
69	0.8	7367
69	0.9	24457
70	0.1	785
70	0.2	897
70	0.3	1047
70	0.4	1279
70	0.5	1579
70	0.6	2198
70	0.7	3726
70	0.8	7176
70	0.9	24346
71	0.1	797
71	0.2	905
71	0.3	1021
71	0.4	1286
71	0.5	1621
71	0.6	2118
71	0.7	3653
71	0.8	7294
71	0.9	25090
72	0.1	815
72	0.2	905
72	0.3	1045
72	0.4	1256
72	0.5	1600
72	0.6	2310
72	0.7	3870
72	0.8	7268
72	0.9	26892
73	0.1	823
73	0.2	922
73	0.3	1064
73	0.4	1327
73	0.5	1612
73	0.6	2312
73	0.7	3640
73	0.8	7583
73	0.9	27154
74	0.1	832
74	0.2	937
74	0.3	1117
74	0.4	1349
74	0.5	1736
74	0.6	2403
74	0.7	3731
74	0.8	7685
74	0.9	27455
75	0.1	844
75	0.2	957
75	0.3	1132
75	0.4	1357
75	0.5	1730
75	0.6	2413
75	0.7	3571
75	0.8	7841
75	0.9	27178
76	0.1	850
76	0.2	957
76	0.3	1137
76	0.4	1362
76	0.5	1721
76	0.6	2374
76	0.7	3902
76	0.8	7365
76	0.9	27639
77	0.1	852
77	0.2	975
77	0.3	1111
77	0.4	1355
77	0.5	1694
77	0.6	2505
77	0.7	3903
77	0.8	8042
77	0.9	27939
78	0.1	894
78	0.2	1006
78	0.3	1160
78	0.4	1357
78	0.5	1785
78	0.6	2509
78	0.7	4009
78	0.8	7848
78	0.9	27695
79	0.1	876
79	0.2	993
79	0.3	1207
79	0.4	1382
79	0.5	1751
79	0.6	2536
79	0.7	3914
79	0.8	8120
79	0.9	29207
80	0.1	902
80	0.2	997
80	0.3	1202
80	0.4	1428
80	0.5	1839
80	0.6	2461
80	0.7	4063
80	0.8	7744
80	0.9	30724
81	0.1	903
81	0.2	1061
81	0.3	1200
81	0.4	1411
81	0.5	1823
81	0.6	2568
81	0.7	3909
81	0.8	8450
81	0.9	30546
82	0.1	914
82	0.2	1027
82	0.3	1187
82	0.4	1420
82	0.5	1897
82	0.6	2545
82	0.7	4041
82	0.8	8374
82	0.9	31410
83	0.1	931
83	0.2	1071
83	0.3	1232
83	0.4	1523
83	0.5	1893
83	0.6	2625
83	0.7	4229
83	0.8	8027
83	0.9	30426
84	0.1	948
84	0.2	1083
84	0.3	1209
84	0.4	1535
84	0.5	1895
84	0.6	2644
84	0.7	4226
84	0.8	9057
84	0.9	31957
85	0.1	955
85	0.2	1073
85	0.3	1247
85	0.4	1546
85	0.5	1952
85	0.6	2743
85	0.7	4285
85	0.8	8419
85	0.9	32044
86	0.1	965
86	0.2	1106
86	0.3	1244
86	0.4	1547
86	0.5	2018
86	0.6	2754
86	0.7	4252
86	0.8	8557
86	0.9	29723
87	0.1	993
87	0.2	1111
87	0.3	1305
87	0.4	1601
87	0.5	1956
87	0.6	2704
87	0.7	4409
87	0.8	9333
87	0.9	33411
88	0.1	986
88	0.2	1123
88	0.3	1294
88	0.4	1587
88	0.5	2050
88	0.6	2968
88	0.7	4467
88	0.8	9084
88	0.9	32396
89	0.1	995
89	0.2	1141
89	0.3	1280
89	0.4	1637
89	0.5	1935
89	0.6	2939
89	0.7	4390
89	0.8	9001
89	0.9	31868
90	0.1	1017
90	0.2	1148
90	0.3	1333
90	0.4	1601
90	0.5	2043
90	0.6	2822
90	0.7	4536
90	0.8	9020
90	0.9	31332
91	0.1	1023
91	0.2	1178
91	0.3	1330
91	0.4	1587
91	0.5	2105
91	0.6	2927
91	0.7	4703
91	0.8	9446
91	0.9	34093
92	0.1	1038
92	0.2	1214
92	0.3	1408
92	0.4	1613
92	0.5	2225
92	0.6	2940
92	0.7	4823
92	0.8	9573
92	0.9	32236
93	0.1	1051
93	0.2	1190
93	0.3	1398
93	0.4	1676
93	0.5	2116
93	0.6	3008
93	0.7	4751
93	0.8	9498
93	0.9	33562
94	0.1	1060
94	0.2	1187
94	0.3	1408
94	0.4	1701
94	0.5	2168
94	0.6	3072
94	0.7	4865
94	0.8	9483
94	0.9	34419
95	0.1	1076
95	0.2	1222
95	0.3	1412
95	0.4	1734
95	0.5	2271
95	0.6	3011
95	0.7	4654
95	0.8	9742
95	0.9	33800
96	0.1	1082
96	0.2	1206
96	0.3	1431
96	0.4	1711
96	0.5	2196
96	0.6	2955
96	0.7	4731
96	0.8	9920
96	0.9	34569
97	0.1	1090
97	0.2	1253
97	0.3	1435
97	0.4	1686
97	0.5	2212
97	0.6	3042
97	0.7	4900
97	0.8	9397
97	0.9	38143
98	0.1	1099
98	0.2	1246
98	0.3	1463
98	0.4	1786
98	0.5	2211
98	0.6	3218
98	0.7	5006
98	0.8	10148
98	0.9	36438
99	0.1	1116
99	0.2	1255
99	0.3	1474
99	0.4	1754
99	0.5	2395
99	0.6	3126
99	0.7	4768
99	0.8	9751
99	0.9	34063
100	0.1	1127
100	0.2	1254
100	0.3	1511
100	0.4	1861
100	0.5	2344
100	0.6	3193
100	0.7	4875
100	0.8	10448
100	0.9	37814
101	0.1	1139
101	0.2	1304
101	0.3	1481
101	0.4	1803
101	0.5	2323
101	0.6	3338
101	0.7	5235
101	0.8	10143
101	0.9	36116
102	0.1	1148
102	0.2	1275
102	0.3	1477
102	0.4	1833
102	0.5	2326
102	0.6	3434
102	0.7	5036
102	0.8	10114
102	0.9	38242
103	0.1	1151
103	0.2	1315
103	0.3	1540
103	0.4	1855
103	0.5	2237
103	0.6	3412
103	0.7	5298
103	0.8	10640
103	0.9	38107
104	0.1	1175
104	0.2	1306
104	0.3	1512
104	0.4	1823
104	0.5	2359
104	0.6	3121
104	0.7	5151
104	0.8	10394
104	0.9	39146
105	0.1	1171
105	0.2	1317
105	0.3	1541
105	0.4	1841
105	0.5	2389
105	0.6	3317
105	0.7	5337
105	0.8	10695
105	0.9	38721
106	0.1	1205
106	0.2	1319
106	0.3	1597
106	0.4	1877
106	0.5	2343
106	0.6	3305
106	0.7	5303
106	0.8	10731
106	0.9	38408
107	0.1	1209
107	0.2	1364
107	0.3	1614
107	0.4	1922
107	0.5	2477
107	0.6	3413
107	0.7	5443
107	0.8	10514
107	0.9	38776
108	0.1	1189
108	0.2	1353
108	0.3	1615
108	0.4	1960
108	0.5	2485
108	0.6	3380
108	0.7	5343
108	0.8	11237
108	0.9	38088
109	0.1	1213
109	0.2	1394
109	0.3	1564
109	0.4	1931
109	0.5	2596
109	0.6	3498
109	0.7	5355
109	0.8	10888
109	0.9	39010
110	0.1	1221
110	0.2	1390
110	0.3	1626
110	0.4	1993
110	0.5	2504
110	0.6	3538
110	0.7	5838
110	0.8	11296
110	0.9	38564
111	0.1	1227
111	0.2	1430
111	0.3	1617
111	0.4	1957
111	0.5	2550
111	0.6	3448
111	0.7	5563
111	0.8	11253
111	0.9	40319
112	0.1	1261
112	0.2	1429
112	0.3	1649
112	0.4	1983
112	0.5	2657
112	0.6	3600
112	0.7	5604
112	0.8	11588
112	0.9	43394
113	0.1	1283
113	0.2	1439
113	0.3	1687
113	0.4	2059
113	0.5	2773
113	0.6	3632
113	0.7	5922
113	0.8	11579
113	0.9	42278
114	0.1	1273
114	0.2	1452
114	0.3	1676
114	0.4	2055
114	0.5	2582
114	0.6	3754
114	0.7	5705
114	0.8	11563
114	0.9	42493
115	0.1	1301
115	0.2	1480
115	0.3	1724
115	0.4	2060
115	0.5	2537
115	0.6	3569
115	0.7	6060
115	0.8	11465
115	0.9	41017
116	0.1	1291
116	0.2	1421
116	0.3	1718
116	0.4	2112
116	0.5	2705
116	0.6	3643
116	0.7	5861
116	0.8	12173
116	0.9	40746
117	0.1	1301
117	0.2	1489
117	0.3	1740
117	0.4	2022
117	0.5	2664
117	0.6	3685
117	0.7	6037
117	0.8	12093
117	0.9	43735
118	0.1	1330
118	0.2	1503
118	0.3	1762
118	0.4	2160
118	0.5	2672
118	0.6	3845
118	0.7	6168
118	0.8	11948
118	0.9	41991
119	0.1	1335
119	0.2	1528
119	0.3	1731
119	0.4	2184
119	0.5	2711
119	0.6	3683
119	0.7	5843
119	0.8	11968
119	0.9	44042
120	0.1	1339
120	0.2	1524
120	0.3	1732
120	0.4	2104
120	0.5	2786
120	0.6	3843
120	0.7	6056
120	0.8	12007
120	0.9	44858
121	0.1	1340
121	0.2	1568
121	0.3	1798
121	0.4	2140
121	0.5	2721
121	0.6	3777
121	0.7	6254
121	0.8	11931
121	0.9	44978
122	0.1	1375
122	0.2	1519
122	0.3	1863
122	0.4	2193
122	0.5	2823
122	0.6	3859
122	0.7	6281
122	0.8	12208
122	0.9	44927
123	0.1	1361
123	0.2	1572
123	0.3	1843
123	0.4	2178
123	0.5	2817
123	0.6	4009
123	0.7	6176
123	0.8	12841
123	0.9	43152
124	0.1	1389
124	0.2	1572
124	0.3	1816
124	0.4	2133
124	0.5	2830
124	0.6	3845
124	0.7	6308
124	0.8	13152
124	0.9	46012
125	0.1	1390
125	0.2	1565
125	0.3	1832
125	0.4	2272
125	0.5	2771
125	0.6	4030
125	0.7	6489
125	0.8	12752
125	0.9	47664
126	0.1	1430
126	0.2	1615
126	0.3	1842
126	0.4	2274
126	0.5	2976
126	0.6	4068
126	0.7	5954
126	0.8	13404
126	0.9	47618
127	0.1	1447
127	0.2	1628
127	0.3	1892
127	0.4	2275
127	0.5	2919
127	0.6	4090
127	0.7	6374
127	0.8	12653
127	0.9	45535
128	0.1	1455
128	0.2	1626
128	0.3	1931
128	0.4	2316
128	0.5	3032
128	0.6	4055
128	0.7	6497
128	0.8	12909
128	0.9	46915
129	0.1	1463
129	0.2	1660
129	0.3	1883
129	0.4	2295
129	0.5	2993
129	0.6	4195
129	0.7	6618
129	0.8	12855
129	0.9	47860
130	0.1	1440
130	0.2	1695
130	0.3	1930
130	0.4	2305
130	0.5	2922
130	0.6	4018
130	0.7	6668
130	0.8	13350
130	0.9	48177
131	0.1	1473
131	0.2	1644
131	0.3	1938
131	0.4	2408
131	0.5	2938
131	0.6	4345
131	0.7	6388
131	0.8	13722
131	0.9	49790
132	0.1	1478
132	0.2	1704
132	0.3	1886
132	0.4	2399
132	0.5	3001
132	0.6	4165
132	0.7	6867
132	0.8	13286
132	0.9	49159
133	0.1	1483
133	0.2	1663
133	0.3	1899
133	0.4	2423
133	0.5	3140
133	0.6	4252
133	0.7	6700
133	0.8	13282
133	0.9	49919
134	0.1	1501
134	0.2	1711
134	0.3	1957
134	0.4	2418
134	0.5	3009
134	0.6	4204
134	0.7	6615
134	0.8	13778
134	0.9	47858
135	0.1	1500
135	0.2	1732
135	0.3	1984
135	0.4	2420
135	0.5	2999
135	0.6	4252
135	0.7	6720
135	0.8	13952
135	0.9	49609
136	0.1	1491
136	0.2	1690
136	0.3	2027
136	0.4	2475
136	0.5	3163
136	0.6	4380
136	0.7	6931
136	0.8	13991
136	0.9	52134
137	0.1	1522
137	0.2	1738
137	0.3	2039
137	0.4	2495
137	0.5	3104
137	0.6	4463
137	0.7	6758
137	0.8	14225
137	0.9	50421
138	0.1	1530
138	0.2	1737
138	0.3	2004
138	0.4	2434
138	0.5	3165
138	0.6	4346
138	0.7	6842
138	0.8	14310
138	0.9	48678
139	0.1	1543
139	0.2	1748
139	0.3	2032
139	0.4	2518
139	0.5	3078
139	0.6	4380
139	0.7	6745
139	0.8	14108
139	0.9	51492
140	0.1	1562
140	0.2	1791
140	0.3	2062
140	0.4	2435
140	0.5	3155
140	0.6	4688
140	0.7	7071
140	0.8	14302
140	0.9	51999
141	0.1	1578
141	0.2	1762
141	0.3	2103
141	0.4	2520
141	0.5	3267
141	0.6	4494
141	0.7	7326
141	0.8	14604
141	0.9	50946
142	0.1	1613
142	0.2	1785
142	0.3	2046
142	0.4	2553
142	0.5	3248
142	0.6	4477
142	0.7	7217
142	0.8	14858
142	0.9	50401
143	0.1	1602
143	0.2	1834
143	0.3	2146
143	0.4	2609
143	0.5	3214
143	0.6	4530
143	0.7	7591
143	0.8	14634
143	0.9	51872
144	0.1	1626
144	0.2	1813
144	0.3	2092
144	0.4	2636
144	0.5	3226
144	0.6	4595
144	0.7	7485
144	0.8	14677
144	0.9	53711
145	0.1	1630
145	0.2	1841
145	0.3	2125
145	0.4	2540
145	0.5	3381
145	0.6	4715
145	0.7	7270
145	0.8	15000
145	0.9	54203
146	0.1	1631
146	0.2	1883
146	0.3	2129
146	0.4	2648
146	0.5	3250
146	0.6	4559
146	0.7	7333
146	0.8	14910
146	0.9	52007
147	0.1	1631
147	0.2	1881
147	0.3	2210
147	0.4	2659
147	0.5	3332
147	0.6	4702
147	0.7	7604
147	0.8	15381
147	0.9	52842
148	0.1	1661
148	0.2	1860
148	0.3	2161
148	0.4	2659
148	0.5	3338
148	0.6	4812
148	0.7	7359
148	0.8	14952
148	0.9	52440
149	0.1	1646
149	0.2	1897
149	0.3	2204
149	0.4	2635
149	0.5	3388
149	0.6	4703
149	0.7	7546
149	0.8	15162
149	0.9	54839
150	0.1	1678
150	0.2	1922
150	0.3	2216
150	0.4	2605
150	0.5	3368
150	0.6	4815
150	0.7	7704
150	0.8	15303
150	0.9	57051
151	0.1	1697
151	0.2	1919
151	0.3	2203
151	0.4	2700
151	0.5	3481
151	0.6	4699
151	0.7	7684
151	0.8	15898
151	0.9	54552
152	0.1	1716
152	0.2	1935
152	0.3	2229
152	0.4	2689
152	0.5	3597
152	0.6	4890
152	0.7	7606
152	0.8	15354
152	0.9	54097
153	0.1	1703
153	0.2	1921
153	0.3	2272
153	0.4	2689
153	0.5	3504
153	0.6	4882
153	0.7	7917
153	0.8	15617
153	0.9	52784
154	0.1	1731
154	0.2	1936
154	0.3	2269
154	0.4	2742
154	0.5	3423
154	0.6	4802
154	0.7	7626
154	0.8	15350
154	0.9	55490
155	0.1	1733
155	0.2	1934
155	0.3	2311
155	0.4	2881
155	0.5	3529
155	0.6	4828
155	0.7	7774
155	0.8	15916
155	0.9	57771
156	0.1	1730
156	0.2	1998
156	0.3	2356
156	0.4	2765
156	0.5	3583
156	0.6	4843
156	0.7	8145
156	0.8	16924
156	0.9	57228
157	0.1	1799
157	0.2	1987
157	0.3	2331
157	0.4	2806
157	0.5	3540
157	0.6	4831
157	0.7	7930
157	0.8	16183
157	0.9	58365
158	0.1	1754
158	0.2	1981
158	0.3	2328
158	0.4	2887
158	0.5	3583
158	0.6	4995
158	0.7	7950
158	0.8	16040
158	0.9	56798
159	0.1	1776
159	0.2	2016
159	0.3	2309
159	0.4	2763
159	0.5	3657
159	0.6	5125
159	0.7	8463
159	0.8	15864
159	0.9	58290
160	0.1	1801
160	0.2	2026
160	0.3	2430
160	0.4	2835
160	0.5	3806
160	0.6	4969
160	0.7	8198
160	0.8	16017
160	0.9	58939
161	0.1	1805
161	0.2	2011
161	0.3	2393
161	0.4	2824
161	0.5	3689
161	0.6	5064
161	0.7	8248
161	0.8	16188
161	0.9	59386
162	0.1	1810
162	0.2	2058
162	0.3	2414
162	0.4	2875
162	0.5	3636
162	0.6	5156
162	0.7	8224
162	0.8	16651
162	0.9	59618
163	0.1	1831
163	0.2	2058
163	0.3	2415
163	0.4	2972
163	0.5	3744
163	0.6	5217
163	0.7	8464
163	0.8	16957
163	0.9	62183
164	0.1	1829
164	0.2	2089
164	0.3	2405
164	0.4	2917
164	0.5	3826
164	0.6	5344
164	0.7	8126
164	0.8	16645
164	0.9	58242
165	0.1	1846
165	0.2	2065
165	0.3	2402
165	0.4	2990
165	0.5	3697
165	0.6	5357
165	0.7	8657
165	0.8	16992
165	0.9	59601
166	0.1	1856
166	0.2	2088
166	0.3	2434
166	0.4	2979
166	0.5	3793
166	0.6	5251
166	0.7	8543
166	0.8	16831
166	0.9	59433
167	0.1	1866
167	0.2	2112
167	0.3	2489
167	0.4	2970
167	0.5	3764
167	0.6	5497
167	0.7	8363
167	0.8	17749
167	0.9	59021
168	0.1	1895
168	0.2	2173
168	0.3	2512
168	0.4	2922
168	0.5	3811
168	0.6	5332
168	0.7	8211
168	0.8	16813
168	0.9	62184
169	0.1	1878
169	0.2	2152
169	0.3	2492
169	0.4	2951
169	0.5	3956
169	0.6	5612
169	0.7	8241
169	0.8	17188
169	0.9	62116
170	0.1	1890
170	0.2	2200
170	0.3	2532
170	0.4	3050
170	0.5	3828
170	0.6	5522
170	0.7	8497
170	0.8	16613
170	0.9	60583
171	0.1	1917
171	0.2	2194
171	0.3	2498
171	0.4	3013
171	0.5	3873
171	0.6	5312
171	0.7	8613
171	0.8	17684
171	0.9	63369
172	0.1	1903
172	0.2	2197
172	0.3	2613
172	0.4	3035
172	0.5	3918
172	0.6	5376
172	0.7	8683
172	0.8	17055
172	0.9	62358
173	0.1	1907
173	0.2	2200
173	0.3	2573
173	0.4	3132
173	0.5	4092
173	0.6	5415
173	0.7	8401
173	0.8	17986
173	0.9	65483
174	0.1	1939
174	0.2	2204
174	0.3	2584
174	0.4	3200
174	0.5	4010
174	0.6	5451
174	0.7	8984
174	0.8	17525
174	0.9	61829
175	0.1	1971
175	0.2	2220
175	0.3	2566
175	0.4	3077
175	0.5	4026
175	0.6	5597
175	0.7	9032
175	0.8	17194
175	0.9	64944
176	0.1	1954
176	0.2	2224
176	0.3	2611
176	0.4	3172
176	0.5	4109
176	0.6	5603
176	0.7	8885
176	0.8	18060
176	0.9	63717
177	0.1	1974
177	0.2	2228
177	0.3	2608
177	0.4	3194
177	0.5	4123
177	0.6	5718
177	0.7	8932
177	0.8	18310
177	0.9	68388
178	0.1	1984
178	0.2	2248
178	0.3	2602
178	0.4	3126
178	0.5	4103
178	0.6	5726
178	0.7	9276
178	0.8	18378
178	0.9	64594
179	0.1	1997
179	0.2	2281
179	0.3	2596
179	0.4	3115
179	0.5	3941
179	0.6	5741
179	0.7	9367
179	0.8	17861
179	0.9	66370
180	0.1	2023
180	0.2	2271
180	0.3	2661
180	0.4	3286
180	0.5	4222
180	0.6	5813
180	0.7	8941
180	0.8	19383
180	0.9	64578
181	0.1	2040
181	0.2	2249
181	0.3	2688
181	0.4	3206
181	0.5	4128
181	0.6	5815
181	0.7	9158
181	0.8	19080
181	0.9	67585
182	0.1	2050
182	0.2	2309
182	0.3	2723
182	0.4	3260
182	0.5	4200
182	0.6	5785
182	0.7	9190
182	0.8	18888
182	0.9	67363
183	0.1	2039
183	0.2	2332
183	0.3	2666
183	0.4	3248
183	0.5	4231
183	0.6	5704
183	0.7	9108
183	0.8	18341
183	0.9	67931
184	0.1	2081
184	0.2	2318
184	0.3	2724
184	0.4	3252
184	0.5	4304
184	0.6	5925
184	0.7	9479
184	0.8	18472
184	0.9	69741
185	0.1	2045
185	0.2	2389
185	0.3	2729
185	0.4	3373
185	0.5	4233
185	0.6	5956
185	0.7	9396
185	0.8	19377
185	0.9	70097
186	0.1	2062
186	0.2	2377
186	0.3	2728
186	0.4	3322
186	0.5	4136
186	0.6	5927
186	0.7	9438
186	0.8	18329
186	0.9	68194
187	0.1	2112
187	0.2	2384
187	0.3	2732
187	0.4	3299
187	0.5	4286
187	0.6	5983
187	0.7	9674
187	0.8	18887
187	0.9	67359
188	0.1	2100
188	0.2	2346
188	0.3	2708
188	0.4	3380
188	0.5	4271
188	0.6	5986
188	0.7	9392
188	0.8	19042
188	0.9	66618
189	0.1	2118
189	0.2	2360
189	0.3	2766
189	0.4	3473
189	0.5	4138
189	0.6	6215
189	0.7	9648
189	0.8	19652
189	0.9	73296
190	0.1	2124
190	0.2	2405
190	0.3	2843
190	0.4	3511
190	0.5	4331
190	0.6	6255
190	0.7	9617
190	0.8	19356
190	0.9	70473
191	0.1	2143
191	0.2	2429
191	0.3	2837
191	0.4	3326
191	0.5	4383
191	0.6	6181
191	0.7	9762
191	0.8	19483
191	0.9	66776
192	0.1	2135
192	0.2	2434
192	0.3	2787
192	0.4	3446
192	0.5	4325
192	0.6	6279
192	0.7	10124
192	0.8	19501
192	0.9	69677
193	0.1	2142
193	0.2	2435
193	0.3	2812
193	0.4	3427
193	0.5	4567
193	0.6	6107
193	0.7	9783
193	0.8	18758
193	0.9	69326
194	0.1	2190
194	0.2	2448
194	0.3	2807
194	0.4	3419
194	0.5	4449
194	0.6	6361
194	0.7	9965
194	0.8	20093
194	0.9	71344
195	0.1	2182
195	0.2	2449
195	0.3	2835
195	0.4	3540
195	0.5	4310
195	0.6	6094
195	0.7	9913
195	0.8	19571
195	0.9	70950
196	0.1	2193
196	0.2	2491
196	0.3	2848
196	0.4	3496
196	0.5	4648
196	0.6	6492
196	0.7	10078
196	0.8	19908
196	0.9	72694
197	0.1	2199
197	0.2	2501
197	0.3	2877
197	0.4	3500
197	0.5	4321
197	0.6	6276
197	0.7	10330
197	0.8	20660
197	0.9	71007
198	0.1	2188
198	0.2	2528
198	0.3	2956
198	0.4	3615
198	0.5	4628
198	0.6	6270
198	0.7	10147
198	0.8	20100
198	0.9	69890
199	0.1	2205
199	0.2	2500
199	0.3	2899
199	0.4	3567
199	0.5	4476
199	0.6	6419
199	0.7	10036
199	0.8	20929
199	0.9	73681
